1775856651046 0.7044956528622172 0
1775856653150 0.4154884793620179 1
1775856655264 0.3416606097117714 2
1775856657468 0.31119003157684766 3
1775856659331 0.32050304352373316 4
1775856661189 0.27317717325860175 5
1775856663053 0.2690567469251329 6
1775856664944 0.2805673860121464 7
1775856666777 0.2657692695873371 8
1775856668755 0.2422894615194072 9
1775856670603 0.23353940291681152 10
1775856672429 0.22495553415754568 11
1775856674218 0.22350748768751172 12
1775856676061 0.22863120639669723 13
1775856677904 0.21948770811592322 14
1775856679741 0.20847451254941415 15
1775856681579 0.217187886868698 16
1775856683512 0.20022283861602563 17
1775856685538 0.1908247203066729 18
1775856687487 0.18225356126609055 19
1775856689555 0.17861606947321823 20
1775856692062 0.170124857969906 21
1775856694381 0.17029762268066406 22
1775856696960 0.1716504275150921 23
1775856699250 0.16948527767174487 24
1775856701525 0.16669989042523978 25
1775856703983 0.16141200151996335 26
1775856706413 0.15472547472387121 27
1775856708920 0.15157814928586932 28
1775856711191 0.1503508421389953 29
1775856713169 0.16232035633014597 30
1775856715124 0.1477227419398833 31
1775856717116 0.14206635606461676 32
1775856719111 0.14530594236608865 33
1775856721486 0.14654143942870956 34
1775856724186 0.1370562745825104 35
1775856727122 0.1351302551186603 36
1775856730078 0.13287963048703427 37
1775856732348 0.13013254829506943 38
1775856734662 0.12221216680347055 39
1775856736898 0.12788914457179498 40
1775856738905 0.1294132057523382 41
1775856740855 0.12638228548609692 42
1775856742972 0.11683059364989185 43
1775856745341 0.124075624173966 44
1775856747800 0.12809493489887402 45
1775856750109 0.12052246615074683 46
1775856752160 0.12463724915532098 47
1775856754651 0.14777530967325403 48
1775856757383 0.143815196942592 49
1775856651046 0.7044956528622172 0
