1775226438941 1.2256827475368113 0
1775226440733 0.46229923289755115 1
1775226442128 0.33940165241559345 2
1775226444103 0.32906260179436725 3
1775226445932 0.29694026276685187 4
1775226447845 0.2792071125645568 5
1775226450243 0.26018127755842346 6
1775226452124 0.29423474315283954 7
1775226454075 0.26351743331853894 8
1775226456220 0.27144974599713867 9
1775226457919 0.3243593297142913 10
1775226459653 0.20118149467136548 11
1775226461867 0.21706211048623789 12
1775226463600 0.2744002368139184 13
1775226465427 0.24120767954466998 14
1775226467491 0.2566540599733159 15
1775226469367 0.24312501886616583 16
1775226471755 0.2887940441352734 17
1775226473649 0.20713324088981186 18
1775226475228 0.25751388764035876 19
1775226477204 0.22353988065235858 20
1775226478956 0.23931469303974207 21
1775226480541 0.26166434953178186 22
1775226482475 0.3608354584894318 23
1775226484346 0.3022961296897004 24
1775226485910 0.21078338916750922 25
1775226487741 0.26655163281205774 26
1775226489622 0.227138624675032 27
1775226491232 0.2043345298456109 28
1775226493060 0.20852034549782242 29
1775226495112 0.24683296507683353 30
1775226497344 0.23960472924121912 31
1775226499565 0.18837910372277963 32
1775226501249 0.2521247488001119 33
1775226502920 0.29871820064558496 34
1775226505401 0.20763488524201987 35
1775226507589 0.1853859878104666 36
1775226510906 0.19030321508214093 37
1775226513478 0.1957581013009168 38
1775226516688 0.22541678470114004 39
1775226519484 0.20519295162048892 40
1775226522190 0.2042819684830265 41
1775226524098 0.2108279181563336 42
1775226526577 0.21083291458046954 43
1775226529163 0.20158371242924014 44
1775226531016 0.22231531402339105 45
1775226533075 0.1907429630341737 46
1775226535383 0.18149751683940057 47
1775226538476 0.21298750587131665 48
1775226541508 0.18595091458679974 49
1775226438941 1.2256827475368113 0
