1775727958474 0.6710835159688756 0
1775727960578 0.42463107299113617 1
1775727962766 0.356118262461994 2
1775727965222 0.3104344818039217 3
1775727968239 0.2988333287446395 4
1775727971233 0.3048499546189239 5
1775727974273 0.282443311335384 6
1775727976886 0.26959233309911645 7
1775727978937 0.27104754378830176 8
1775727981067 0.2588745852311452 9
1775727983119 0.2625296644974446 10
1775727984921 0.24631501367126685 11
1775727986628 0.24905006004416425 12
1775727988508 0.21778306580971982 13
1775727990418 0.22705497171567834 14
1775727992370 0.21217789554941482 15
1775727994340 0.20794718809749768 16
1775727996275 0.19190573389979376 17
1775727998283 0.18743482620819754 18
1775728000396 0.17870562102483667 19
1775728002475 0.18227483094602392 20
1775728004633 0.22001757483551468 21
1775728006644 0.21223043639590775 22
1775728008271 0.18649335248746735 23
1775728010224 0.18537463776875232 24
1775728012058 0.17030167871195337 25
1775728013856 0.16092947881290878 26
1775728015791 0.1600962942061217 27
1775728017846 0.1633121541876724 28
1775728019948 0.15986246453679126 29
1775728023227 0.164844935570938 30
1775728027014 0.15982928213433942 31
1775728030078 0.14987913367972858 32
1775728032810 0.1470952403286229 33
1775728035539 0.1414417804799218 34
1775728037787 0.1411397973264473 35
1775728039746 0.14810776818489682 36
1775728042137 0.13287669096304022 37
1775728044326 0.14100901858098264 38
1775728047385 0.1393784273793732 39
1775728050523 0.13018237421478052 40
1775728053460 0.12153074879577194 41
1775728056480 0.12284205778353456 42
1775728059461 0.12943220019772433 43
1775728062350 0.1172267530059469 44
1775728065355 0.11622003195942313 45
1775728068574 0.11925025392269743 46
1775728070911 0.1251515969634056 47
1775728073288 0.12400594936764758 48
1775728075517 0.11500408651604169 49
1775727958474 0.6710835159688756 0
