1775247779153 0.8315140008926392 0
1775247784213 0.5423200104547583 1
1775247789149 0.45081698462583014 2
1775247794253 0.47941470232562744 3
1775247799064 0.4195156421350396 4
1775247807559 0.4178510662438213 5
1775247813885 0.4361472423525824 6
1775247816011 0.40894809451656067 7
1775247817420 0.45253039356591046 8
1775247818656 0.39755092453265534 9
1775247819912 0.39376029415407043 10
1775247821389 0.38927516254825867 11
1775247822683 0.36108253313147504 12
1775247824047 0.3839068931082021 13
1775247825354 0.35130306689635565 14
1775247826695 0.38085044207780255 15
1775247827963 0.3600526149722113 16
1775247829269 0.36427964550861414 17
1775247830615 0.37405636820240296 18
1775247831958 0.3747517466545105 19
1775247833348 0.37064538831296173 20
1775247834615 0.35171334553455963 21
1775247835882 0.35441270513810974 22
1775247837297 0.3356486308401909 23
1775247838601 0.3501080931096837 24
1775247839849 0.3394704340160757 25
1775247841089 0.365886346153591 26
1775247842392 0.3362728607827339 27
1775247843769 0.35254460400429327 28
1775247845072 0.33325514283733093 29
1775247846474 0.34474519370258716 30
1775247847820 0.3377873266952625 31
1775247849202 0.33642163656759955 32
1775247850432 0.3142773828644683 33
1775247851747 0.3217980498852937 34
1775247853018 0.33529689001000446 35
1775247854391 0.33682686004085816 36
1775247855650 0.33081583095633466 37
1775247856928 0.313597553882046 38
1775247858246 0.325285401897154 39
1775247859533 0.33896820009618567 40
1775247860869 0.31356617592383124 41
1775247862112 0.32444449352181476 42
1775247863489 0.3005599854648977 43
1775247864803 0.30522488295168115 44
1775247866167 0.31013215624767804 45
1775247867511 0.3241533006446949 46
1775247868841 0.3190309871797976 47
1775247870234 0.2914462158645409 48
1775247871545 0.3324634709220002 49
1775247779153 0.8315140008926392 0
