1775246653445 0.9374172376549762 0
1775246680266 0.5323779496593751 1
1775246687388 0.26910167932510376 2
1775246692448 0.2784855270731276 3
1775246697481 0.3019917136517124 4
1775246702517 0.23287515968516254 5
1775246707359 0.2799333377160888 6
1775246713570 0.25724662473236304 7
1775246722303 0.25254026573637256 8
1775246729553 0.20978829480599667 9
1775246736530 0.22565880461015564 10
1775246747951 0.19822853890018186 11
1775246754511 0.19455908562826074 12
1775246771161 0.18144365086935568 13
1775246776114 0.229645106671513 14
1775246780750 0.25034477572510205 15
1775246790745 0.23275294122488602 16
1775246810867 0.22890643624291904 17
1775246836853 0.20968780698983566 18
1775246865742 0.21780929055766782 19
1775246874881 0.20884125776912854 20
1775246880107 0.20891804971556732 21
1775246885323 0.19421737651894058 22
1775246890378 0.2702653477157372 23
1775246895203 0.21416259330251944 24
1775246900230 0.21412188894506815 25
1775246904907 0.20203629092893738 26
1775246909752 0.17841203532357147 27
1775246914250 0.2142775719580443 28
1775246918948 0.21000244695207346 29
1775246923507 0.19967002108477164 30
1775246928388 0.19816981320795807 31
1775246933245 0.19627724350362585 32
1775246937976 0.18027362702549368 33
1775246942782 0.15775268665258435 34
1775246947153 0.19113545918810196 35
1775246952658 0.20717261407686316 36
1775246957186 0.1805709617725317 37
1775246962666 0.1839178148387135 38
1775246968669 0.19701963663101196 39
1775246973940 0.26696997794552124 40
1775246980237 0.20093080617379452 41
1775246987269 0.19114334686942722 42
1775246991656 0.16523392649664395 43
1775246996507 0.22845585665841034 44
1775247002323 0.2004884023597275 45
1775247006767 0.17318091876264932 46
1775247011071 0.3432949902354807 47
1775247015412 0.2509466686110566 48
1775247019866 0.22244036240854126 49
1775246653445 0.9374172376549762 0
