1775724064849 0.8921157043913136 0
1775724067535 0.5372750430867292 1
1775724070312 0.5363822570745496 2
1775724073500 0.48192108800445776 3
1775724076219 0.44573458899622376 4
1775724078931 0.4377389541570691 5
1775724081627 0.41802114680193475 6
1775724084232 0.41086491294529126 7
1775724086919 0.4205768298411715 8
1775724089892 0.4101156903349835 9
1775724093056 0.40186834162560064 10
1775724095901 0.4081847395585931 11
1775724099139 0.39267650721729663 12
1775724103385 0.37724132555118506 13
1775724107548 0.3717874970988951 14
1775724111725 0.3825785288776177 15
1775724115539 0.37260902316673944 16
1775724119845 0.3521960718908172 17
1775724123931 0.3697611991909967 18
1775724127817 0.37043266106342926 19
1775724132061 0.3706771541332853 20
1775724136339 0.3588323942992998 21
1775724140646 0.3507482167603313 22
1775724143973 0.3737591729647871 23
1775724146811 0.3886229793230693 24
1775724149494 0.3406163635461227 25
1775724152288 0.34700628553611645 26
1775724154866 0.34790757341661316 27
1775724157574 0.36061377456222754 28
1775724160266 0.35966489107712457 29
1775724162984 0.3334257568138233 30
1775724165576 0.34362936192664545 31
1775724168317 0.3435232682504516 32
1775724171005 0.35773059768953186 33
1775724173825 0.34507459229317267 34
1775724176437 0.35382669041122217 35
1775724179136 0.33359050664348877 36
1775724181827 0.33714508232863055 37
1775724184644 0.331133296524269 38
1775724187362 0.3269267648026563 39
1775724190151 0.30511347064073535 40
1775724193021 0.32154412891553796 41
1775724195922 0.3227580077406289 42
1775724198771 0.30788937858913257 43
1775724201714 0.2992382066837255 44
1775724204646 0.301369353480961 45
1775724207384 0.36155395836069965 46
1775724210224 0.3348725377649501 47
1775724212878 0.3232987022054368 48
1775724215739 0.32103302858877875 49
1775724064849 0.8921157043913136 0
